cursor: 3y30XEG1MqiinFr8JRH6e6WwLpc_DFhvVgrlKhVIjIH_uAe_veeiUhAmO0q00O_xmUeuSF7EiqyJfCh6lrhS55WQsv8wmShyMy5oloPs-7fuePP2MAMRePMXJYr0ZoqqCG-ABkq9e_VSpdbjUqeqIypkY6NeLj339U4X9vFdOtZE_XY=
block:
    id: 9xEJPJ4bAccgTpv1tbu34XdCtXf1TH2ktJAwdD9zEet5
    number: 203100499
active_boundary:
    start_block_number: 203100400
    end_block_number: 203100500
started_at: 2024-11-13T16:39:02.243107-05:00
restarted_at: 2024-11-13T16:39:02.243107-05:00
